	Orientation	Window to Wall Ratio	Insulation Thickness	Electricity:Facility	DistrictHeating:Facility	DistrictCooling:Facility	Ventilation	Glazing
0	0	0.05	0.001	180609963755.09265	389963276519.7932	166690961188.61005	on	single
1	0	0.05	0.03977777777777777	180609963755.09265	212508118077.6923	65588691400.869446	on	single
2	0	0.05	0.07855555555555555	180609963755.09265	174750377777.73904	46839942559.95579	on	single
3	0	0.05	0.11733333333333332	180609963755.09265	158515650479.7508	38826341787.63161	on	single
4	0	0.05	0.1561111111111111	180609963755.09265	149478359359.6142	34574935542.34613	on	single
5	0	0.05	0.19488888888888886	180609963755.09265	143626842235.15375	31932328990.952106	on	single
6	0	0.05	0.23366666666666663	180609963755.09265	139565588036.1241	30226614240.186275	on	single
7	0	0.05	0.2724444444444444	180609963755.09265	136608406536.06631	28916052430.881004	on	single
8	0	0.05	0.3112222222222222	180609963755.09265	134294087641.73367	27923403222.355648	on	single
9	0	0.05	0.35	180609963755.09265	132488216352.06908	27143714589.670776	on	single
10	0	0.15	0.001	180609963755.09265	390665837534.47766	166923854809.7198	on	single
11	0	0.15	0.03977777777777777	180609963755.09265	213227152991.7075	65864938249.72464	on	single
12	0	0.15	0.07855555555555555	180609963755.09265	175472314801.99472	47063916250.79816	on	single
13	0	0.15	0.11733333333333332	180609963755.09265	159229236417.18164	39100470278.590256	on	single
14	0	0.15	0.1561111111111111	180609963755.09265	150200076002.07706	34856394988.44985	on	single
15	0	0.15	0.19488888888888886	180609963755.09265	144358191349.19168	32179961401.62004	on	single
16	0	0.15	0.23366666666666663	180609963755.09265	140291753586.78375	30483363467.267868	on	single
17	0	0.15	0.2724444444444444	180609963755.09265	137340592392.89772	29171086257.83012	on	single
18	0	0.15	0.3112222222222222	180609963755.09265	135044358994.89877	28189601182.179054	on	single
19	0	0.15	0.35	180609963755.09265	133223663258.09369	27412582763.443745	on	single
20	0	0.5	0.001	180609963755.09265	392943155623.2967	167699997000.78918	on	single
21	0	0.5	0.03977777777777777	180609963755.09265	215580246922.91766	66821909998.26991	on	single
22	0	0.5	0.07855555555555555	180609963755.09265	177846095876.07248	48014310555.833435	on	single
23	0	0.5	0.11733333333333332	180609963755.09265	161603359859.6869	40128700055.91964	on	single
24	0	0.5	0.1561111111111111	180609963755.09265	152583010266.38477	35886896739.54181	on	single
25	0	0.5	0.19488888888888886	180609963755.09265	146774987836.03964	33192201765.94411	on	single
26	0	0.5	0.23366666666666663	180609963755.09265	142700591911.2024	31423955517.341675	on	single
27	0	0.5	0.2724444444444444	180609963755.09265	139739451390.4946	30122446680.514214	on	single
28	0	0.5	0.3112222222222222	180609963755.09265	137498574812.09332	29096541453.33629	on	single
29	0	0.5	0.35	180609963755.09265	135691729558.63675	28338235653.00156	on	single
30	90	0.05	0.001	180609963755.09265	390672695496.4222	167153490804.4703	on	single
31	90	0.05	0.03977777777777777	180609963755.09265	213323839750.3805	66331895883.056854	on	single
32	90	0.05	0.07855555555555555	180609963755.09265	175626624483.6687	47462287841.06973	on	single
33	90	0.05	0.11733333333333332	180609963755.09265	159410552741.45593	39461224673.13487	on	single
34	90	0.05	0.1561111111111111	180609963755.09265	150363069110.83618	35221487815.129196	on	single
35	90	0.05	0.19488888888888886	180609963755.09265	144549322705.9093	32637400292.68935	on	single
36	90	0.05	0.23366666666666663	180609963755.09265	140508232384.469	30857678013.08218	on	single
37	90	0.05	0.2724444444444444	180609963755.09265	137560999534.6703	29525244205.754734	on	single
38	90	0.05	0.3112222222222222	180609963755.09265	135257674837.77393	28549431255.268505	on	single
39	90	0.05	0.35	180609963755.09265	133466914874.02853	27777857894.037346	on	single
40	90	0.15	0.001	180609963755.09265	391382411130.07904	167374662895.4251	on	single
41	90	0.15	0.03977777777777777	180609963755.09265	214053600555.29065	66543530792.731544	on	single
42	90	0.15	0.07855555555555555	180609963755.09265	176339206973.5677	47716342070.12848	on	single
43	90	0.15	0.11733333333333332	180609963755.09265	160127183331.0742	39730819283.507835	on	single
44	90	0.15	0.1561111111111111	180609963755.09265	151084975945.6961	35503614628.53091	on	single
45	90	0.15	0.19488888888888886	180609963755.09265	145284168770.99146	32907325547.964745	on	single
46	90	0.15	0.23366666666666663	180609963755.09265	141230146258.57275	31126705120.282276	on	single
47	90	0.15	0.2724444444444444	180609963755.09265	138288131544.02362	29768826259.42046	on	single
48	90	0.15	0.3112222222222222	180609963755.09265	135995652021.32347	28770972803.016315	on	single
49	90	0.15	0.35	180609963755.09265	134181334353.67828	27975501680.33103	on	single
50	90	0.5	0.001	180609963755.09265	393639931347.0622	168113804452.81882	on	single
51	90	0.5	0.03977777777777777	180609963755.09265	216408526753.72083	67437217646.924805	on	single
52	90	0.5	0.07855555555555555	180609963755.09265	178709616451.0086	48614639778.7786	on	single
53	90	0.5	0.11733333333333332	180609963755.09265	162485179565.25003	40724758550.456856	on	single
54	90	0.5	0.1561111111111111	180609963755.09265	153469341869.90277	36454699597.81986	on	single
55	90	0.5	0.19488888888888886	180609963755.09265	147703419564.6895	33752869231.738224	on	single
56	90	0.5	0.23366666666666663	180609963755.09265	143627801386.2414	31985585729.489994	on	single
57	90	0.5	0.2724444444444444	180609963755.09265	140651426207.7485	30687432411.09273	on	single
58	90	0.5	0.3112222222222222	180609963755.09265	138394466439.09824	29666079344.0664	on	single
59	90	0.5	0.35	180609963755.09265	136596858665.80359	28859236995.72421	on	single
60	180	0.05	0.001	180609963755.09265	390241983667.0909	166803685319.4524	on	single
61	180	0.05	0.03977777777777777	180609963755.09265	212885573713.66095	65953223394.88952	on	single
62	180	0.05	0.07855555555555555	180609963755.09265	175229549714.17017	47026411235.9862	on	single
63	180	0.05	0.11733333333333332	180609963755.09265	159046608558.1208	39083372682.228134	on	single
64	180	0.05	0.1561111111111111	180609963755.09265	150028161845.654	34799247657.99503	on	single
65	180	0.05	0.19488888888888886	180609963755.09265	144205792992.0723	32199105340.972385	on	single
66	180	0.05	0.23366666666666663	180609963755.09265	140167703458.04688	30463280054.75505	on	single
67	180	0.05	0.2724444444444444	180609963755.09265	137209309658.876	29144154775.343113	on	single
68	180	0.05	0.3112222222222222	180609963755.09265	134922648947.8248	28157613031.84176	on	single
69	180	0.05	0.35	180609963755.09265	133160523805.06712	27347926700.242985	on	single
70	180	0.15	0.001	180609963755.09265	390961843779.146	167042926547.50076	on	single
71	180	0.15	0.03977777777777777	180609963755.09265	213619330440.9673	66173958513.235214	on	single
72	180	0.15	0.07855555555555555	180609963755.09265	175963622980.842	47298405505.01424	on	single
73	180	0.15	0.11733333333333332	180609963755.09265	159770158552.18787	39346865136.67829	on	single
74	180	0.15	0.1561111111111111	180609963755.09265	150767462737.08105	35106105624.5334	on	single
75	180	0.15	0.19488888888888886	180609963755.09265	144942880304.42117	32456188767.01304	on	single
76	180	0.15	0.23366666666666663	180609963755.09265	140907319590.75754	30707326183.733376	on	single
77	180	0.15	0.2724444444444444	180609963755.09265	137955568971.39697	29388438548.740154	on	single
78	180	0.15	0.3112222222222222	180609963755.09265	135671236473.68163	28387222730.50469	on	single
79	180	0.15	0.35	180609963755.09265	133868857867.12737	27597157869.779194	on	single
80	180	0.5	0.001	180609963755.09265	393265744157.6188	167762182752.7268	on	single
81	180	0.5	0.03977777777777777	180609963755.09265	216058341887.2646	67086309228.84307	on	single
82	180	0.5	0.07855555555555555	180609963755.09265	178402276581.45053	48217581927.06008	on	single
83	180	0.5	0.11733333333333332	180609963755.09265	162180468724.37405	40318662010.854805	on	single
84	180	0.5	0.1561111111111111	180609963755.09265	153184467405.22525	36091451829.06026	on	single
85	180	0.5	0.19488888888888886	180609963755.09265	147412735914.34482	33348900612.75852	on	single
86	180	0.5	0.23366666666666663	180609963755.09265	143350045409.33832	31589039304.24987	on	single
87	180	0.5	0.2724444444444444	180609963755.09265	140376022179.43176	30269922787.10886	on	single
88	180	0.5	0.3112222222222222	180609963755.09265	138132353100.66956	29290270858.401073	on	single
89	180	0.5	0.35	180609963755.09265	136328183384.42928	28478666627.77687	on	single
90	270	0.05	0.001	180609963755.09265	390613762948.74634	167158700518.07733	on	single
91	270	0.05	0.03977777777777777	180609963755.09265	213188647144.73456	66137907547.716545	on	single
92	270	0.05	0.07855555555555555	180609963755.09265	175446005090.00833	47364253771.859726	on	single
93	270	0.05	0.11733333333333332	180609963755.09265	159213197418.16843	39412183016.70246	on	single
94	270	0.05	0.1561111111111111	180609963755.09265	150179390436.90768	35087277301.823814	on	single
95	270	0.05	0.19488888888888886	180609963755.09265	144350256120.4275	32471830972.450253	on	single
96	270	0.05	0.23366666666666663	180609963755.09265	140282283873.3574	30748473359.73009	on	single
97	270	0.05	0.2724444444444444	180609963755.09265	137326526928.98215	29402333508.006794	on	single
98	270	0.05	0.3112222222222222	180609963755.09265	135027739979.6127	28399670532.367672	on	single
99	270	0.05	0.35	180609963755.09265	133241800671.53308	27619676587.36318	on	single
100	270	0.15	0.001	180609963755.09265	391320771913.975	167368311030.15985	on	single
101	270	0.15	0.03977777777777777	180609963755.09265	213915014843.27948	66391273984.90617	on	single
102	270	0.15	0.07855555555555555	180609963755.09265	176149242236.5534	47603185388.10841	on	single
103	270	0.15	0.11733333333333332	180609963755.09265	159924524636.06476	39661991956.39934	on	single
104	270	0.15	0.1561111111111111	180609963755.09265	150900710571.30212	35358366852.5879	on	single
105	270	0.15	0.19488888888888886	180609963755.09265	145072763271.09314	32771593285.46738	on	single
106	270	0.15	0.23366666666666663	180609963755.09265	141003882955.7553	30991508887.642918	on	single
107	270	0.15	0.2724444444444444	180609963755.09265	138053452621.93253	29666775485.417168	on	single
108	270	0.15	0.3112222222222222	180609963755.09265	135753284062.69482	28662319429.124844	on	single
109	270	0.15	0.35	180609963755.09265	133960367849.36801	27870338429.734367	on	single
110	270	0.5	0.001	180609963755.09265	393565914295.7356	168132534154.5333	on	single
111	270	0.5	0.03977777777777777	180609963755.09265	216260680002.23676	67339536488.31683	on	single
112	270	0.5	0.07855555555555555	180609963755.09265	178517441699.59464	48511936138.54784	on	single
113	270	0.5	0.11733333333333332	180609963755.09265	162281724701.2638	40619748401.232605	on	single
114	270	0.5	0.1561111111111111	180609963755.09265	153256205628.2921	36326045178.17557	on	single
115	270	0.5	0.19488888888888886	180609963755.09265	147484839902.58447	33639171457.714577	on	single
116	270	0.5	0.23366666666666663	180609963755.09265	143386872497.55417	31790749492.12215	on	single
117	270	0.5	0.2724444444444444	180609963755.09265	140419620223.96573	30548092693.968033	on	single
118	270	0.5	0.3112222222222222	180609963755.09265	138176451214.45508	29570024617.219383	on	single
119	270	0.5	0.35	180609963755.09265	136380431954.91757	28737943692.26642	on	single
0	0	0.05	0.001	180609963755.09265	389867842038.9689	166680924134.44824	on	double
1	0	0.05	0.03977777777777777	180609963755.09265	212398680454.24008	65573459707.73816	on	double
2	0	0.05	0.07855555555555555	180609963755.09265	174639477885.0539	46824762832.34537	on	double
3	0	0.05	0.11733333333333332	180609963755.09265	158406087833.65646	38808768275.788734	on	double
4	0	0.05	0.1561111111111111	180609963755.09265	149367328743.48224	34559783452.460434	on	double
5	0	0.05	0.19488888888888886	180609963755.09265	143514263910.081	31914543417.127518	on	double
6	0	0.05	0.23366666666666663	180609963755.09265	139452244848.40665	30208860253.776245	on	double
7	0	0.05	0.2724444444444444	180609963755.09265	136495226023.26791	28896801007.325638	on	double
8	0	0.05	0.3112222222222222	180609963755.09265	134180190796.55759	27907689650.395977	on	double
9	0	0.05	0.35	180609963755.09265	132382435247.54419	27129777910.822083	on	double
10	0	0.15	0.001	180609963755.09265	390392660281.692	166907310611.93018	on	double
11	0	0.15	0.03977777777777777	180609963755.09265	212921446727.04437	65816727729.88707	on	double
12	0	0.15	0.07855555555555555	180609963755.09265	175158242812.0122	47016239331.63061	on	double
13	0	0.15	0.11733333333333332	180609963755.09265	158916247344.87958	39052874530.763466	on	double
14	0	0.15	0.1561111111111111	180609963755.09265	149876683819.00748	34767127126.242096	on	double
15	0	0.15	0.19488888888888886	180609963755.09265	144029147672.72635	32155557279.398426	on	double
16	0	0.15	0.23366666666666663	180609963755.09265	139964447156.96136	30444881043.71668	on	double
17	0	0.15	0.2724444444444444	180609963755.09265	137008847619.14383	29107453562.737732	on	double
18	0	0.15	0.3112222222222222	180609963755.09265	134721299501.61963	28125906632.811344	on	double
19	0	0.15	0.35	180609963755.09265	132899390376.22034	27364660367.157818	on	double
20	0	0.5	0.001	180609963755.09265	392103377014.03235	167644034093.61536	on	double
21	0	0.5	0.03977777777777777	180609963755.09265	214602675995.41925	66657234020.55476	on	double
22	0	0.5	0.07855555555555555	180609963755.09265	176841149303.46548	47835969043.418564	on	double
23	0	0.5	0.11733333333333332	180609963755.09265	160605004145.59927	39929935306.50376	on	double
24	0	0.5	0.1561111111111111	180609963755.09265	151561527761.22864	35665294117.99765	on	double
25	0	0.5	0.19488888888888886	180609963755.09265	145751732853.09192	32950773775.04257	on	double
26	0	0.5	0.23366666666666663	180609963755.09265	141665437274.20316	31251482986.458305	on	double
27	0	0.5	0.2724444444444444	180609963755.09265	138700610277.9538	29916394783.445835	on	double
28	0	0.5	0.3112222222222222	180609963755.09265	136450660244.91179	28913082446.216755	on	double
29	0	0.5	0.35	180609963755.09265	134632685588.68268	28139112066.5028	on	double
30	90	0.05	0.001	180609963755.09265	390577489507.3362	167151125517.4099	on	double
31	90	0.05	0.03977777777777777	180609963755.09265	213216510743.9814	66319186051.729324	on	double
32	90	0.05	0.07855555555555555	180609963755.09265	175513977174.05478	47447219249.97851	on	double
33	90	0.05	0.11733333333333332	180609963755.09265	159300851929.86642	39445707439.0011	on	double
34	90	0.05	0.1561111111111111	180609963755.09265	150252544147.16827	35207988198.921844	on	double
35	90	0.05	0.19488888888888886	180609963755.09265	144437097813.3453	32618891457.369606	on	double
36	90	0.05	0.23366666666666663	180609963755.09265	140393278825.11282	30845901095.483006	on	double
37	90	0.05	0.2724444444444444	180609963755.09265	137445891150.6262	29507699389.533936	on	double
38	90	0.05	0.3112222222222222	180609963755.09265	135145829337.07753	28517458136.629635	on	double
39	90	0.05	0.35	180609963755.09265	133353102822.57263	27761358880.731693	on	double
40	90	0.15	0.001	180609963755.09265	391114081276.1651	167360622035.9012	on	double
41	90	0.15	0.03977777777777777	180609963755.09265	213743724459.01932	66493373641.948784	on	double
42	90	0.15	0.07855555555555555	180609963755.09265	176027997442.14215	47667808635.08639	on	double
43	90	0.15	0.11733333333333332	180609963755.09265	159815875091.9848	39663874704.610176	on	double
44	90	0.15	0.1561111111111111	180609963755.09265	150757367064.31848	35442565693.923645	on	double
45	90	0.15	0.19488888888888886	180609963755.09265	144958115909.00824	32848842258.510475	on	double
46	90	0.15	0.23366666666666663	180609963755.09265	140906360456.11557	31048348339.945053	on	double
47	90	0.15	0.2724444444444444	180609963755.09265	137954121730.70416	29717899562.79497	on	double
48	90	0.15	0.3112222222222222	180609963755.09265	135662633860.80473	28719775030.91857	on	double
49	90	0.15	0.35	180609963755.09265	133851661070.89862	27920080607.36112	on	double
50	90	0.5	0.001	180609963755.09265	392800405901.4692	168060131631.21426	on	double
51	90	0.5	0.03977777777777777	180609963755.09265	215438979214.43866	67278449416.78735	on	double
52	90	0.5	0.07855555555555555	180609963755.09265	177702723660.76187	48405349196.28031	on	double
53	90	0.5	0.11733333333333332	180609963755.09265	161494896941.06366	40518446579.12231	on	double
54	90	0.5	0.1561111111111111	180609963755.09265	152442488573.59848	36242526019.80122	on	double
55	90	0.5	0.19488888888888886	180609963755.09265	146672951810.51645	33547395876.283268	on	double
56	90	0.5	0.23366666666666663	180609963755.09265	142591360466.2133	31772247693.01795	on	double
57	90	0.5	0.2724444444444444	180609963755.09265	139616080257.21033	30481203436.963966	on	double
58	90	0.5	0.3112222222222222	180609963755.09265	137361716899.52509	29456295316.715168	on	double
59	90	0.5	0.35	180609963755.09265	135551144028.94095	28651945099.777298	on	double
60	180	0.05	0.001	180609963755.09265	390145345470.3435	166801947048.3879	on	double
61	180	0.05	0.03977777777777777	180609963755.09265	212779101061.75198	65938737769.996635	on	double
62	180	0.05	0.07855555555555555	180609963755.09265	175116542444.91852	47012046205.620224	on	double
63	180	0.05	0.11733333333333332	180609963755.09265	158936322111.6671	39066427956.10644	on	double
64	180	0.05	0.1561111111111111	180609963755.09265	149914696802.76678	34782911848.64926	on	double
65	180	0.05	0.19488888888888886	180609963755.09265	144090640955.19724	32192223484.416355	on	double
66	180	0.05	0.23366666666666663	180609963755.09265	140047235850.1584	30438345293.243916	on	double
67	180	0.05	0.2724444444444444	180609963755.09265	137095400571.44151	29122194942.9057	on	double
68	180	0.05	0.3112222222222222	180609963755.09265	134810335272.92828	28141311244.093334	on	double
69	180	0.05	0.35	180609963755.09265	133050447521.73346	27336559386.278988	on	double
70	180	0.15	0.001	180609963755.09265	390689408960.2658	167018789094.09836	on	double
71	180	0.15	0.03977777777777777	180609963755.09265	213300477745.42758	66130461185.56155	on	double
72	180	0.15	0.07855555555555555	180609963755.09265	175640703047.31284	47239706945.56012	on	double
73	180	0.15	0.11733333333333332	180609963755.09265	159457737895.93393	39283213429.37224	on	double
74	180	0.15	0.1561111111111111	180609963755.09265	150437967709.66843	35047911253.8918	on	double
75	180	0.15	0.19488888888888886	180609963755.09265	144617885145.13437	32414871378.382042	on	double
76	180	0.15	0.23366666666666663	180609963755.09265	140580215981.90268	30654845206.380455	on	double
77	180	0.15	0.2724444444444444	180609963755.09265	137621402906.15683	29341742036.987694	on	double
78	180	0.15	0.3112222222222222	180609963755.09265	135339587895.85582	28333465137.343605	on	double
79	180	0.15	0.35	180609963755.09265	133538060124.13837	27543220889.567497	on	double
80	180	0.5	0.001	180609963755.09265	392425667084.108	167697622197.25406	on	double
81	180	0.5	0.03977777777777777	180609963755.09265	215086990012.64542	66913960217.0004	on	double
82	180	0.5	0.07855555555555555	180609963755.09265	177388373877.41376	48028704128.476875	on	double
83	180	0.5	0.11733333333333332	180609963755.09265	161184165538.50082	40119407407.25346	on	double
84	180	0.5	0.1561111111111111	180609963755.09265	152166246180.49466	35863950483.19003	on	double
85	180	0.5	0.19488888888888886	180609963755.09265	146375383508.24493	33160815023.61172	on	double
86	180	0.5	0.23366666666666663	180609963755.09265	142313352776.72125	31388424533.984406	on	double
87	180	0.5	0.2724444444444444	180609963755.09265	139334047547.5352	30064843833.926548	on	double
88	180	0.5	0.3112222222222222	180609963755.09265	137084799951.60541	29081998680.248745	on	double
89	180	0.5	0.35	180609963755.09265	135285505475.15048	28281930941.87054	on	double
90	270	0.05	0.001	180609963755.09265	390518272240.2441	167156099842.75397	on	double
91	270	0.05	0.03977777777777777	180609963755.09265	213079011094.4466	66125272043.79212	on	double
92	270	0.05	0.07855555555555555	180609963755.09265	175333654020.78494	47344886327.1863	on	double
93	270	0.05	0.11733333333333332	180609963755.09265	159101298689.58994	39393082779.64298	on	double
94	270	0.05	0.1561111111111111	180609963755.09265	150066401325.03845	35066340346.213745	on	double
95	270	0.05	0.19488888888888886	180609963755.09265	144237786664.34674	32456781657.77589	on	double
96	270	0.05	0.23366666666666663	180609963755.09265	140169348645.2194	30732946108.366707	on	double
97	270	0.05	0.2724444444444444	180609963755.09265	137212860456.32745	29386015992.981686	on	double
98	270	0.05	0.3112222222222222	180609963755.09265	134914459794.616	28383372325.262096	on	double
99	270	0.05	0.35	180609963755.09265	133132326793.5297	27593579562.65066	on	double
100	270	0.15	0.001	180609963755.09265	391049164289.5434	167359516714.75882	on	double
101	270	0.15	0.03977777777777777	180609963755.09265	213603618256.41907	66337513762.81409	on	double
102	270	0.15	0.07855555555555555	180609963755.09265	175837337998.75806	47549762702.58571	on	double
103	270	0.15	0.11733333333333332	180609963755.09265	159604349693.4465	39599826412.94251	on	double
104	270	0.15	0.1561111111111111	180609963755.09265	150576874475.12994	35298916801.43406	on	double
105	270	0.15	0.19488888888888886	180609963755.09265	144747388975.58728	32703163446.950565	on	double
106	270	0.15	0.23366666666666663	180609963755.09265	140678989884.7348	30951556428.877563	on	double
107	270	0.15	0.2724444444444444	180609963755.09265	137727592811.2511	29595209953.409225	on	double
108	270	0.15	0.3112222222222222	180609963755.09265	135438700063.04895	28600310760.937153	on	double
109	270	0.15	0.35	180609963755.09265	133634104282.15703	27800706051.991657	on	double
110	270	0.5	0.001	180609963755.09265	392726640683.7765	168081962280.83203	on	double
111	270	0.5	0.03977777777777777	180609963755.09265	215292216823.3096	67178584645.942924	on	double
112	270	0.5	0.07855555555555555	180609963755.09265	177512561821.0571	48333237424.054085	on	double
113	270	0.5	0.11733333333333332	180609963755.09265	161292955792.80493	40445772470.93105	on	double
114	270	0.5	0.1561111111111111	180609963755.09265	152248153521.57837	36142926625.675064	on	double
115	270	0.5	0.19488888888888886	180609963755.09265	146460384932.5236	33442920562.011223	on	double
116	270	0.5	0.23366666666666663	180609963755.09265	142356129631.23056	31679285968.03005	on	double
117	270	0.5	0.2724444444444444	180609963755.09265	139377158148.44882	30347037520.31589	on	double
118	270	0.5	0.3112222222222222	180609963755.09265	137134728091.20953	29368296092.501907	on	double
119	270	0.5	0.35	180609963755.09265	135344203607.204	28543953388.52607	on	double
0	0	0.05	0.001	180609963755.09265	389825089658.1845	166679894647.79657	on	triple
1	0	0.05	0.03977777777777777	180609963755.09265	212350289593.01462	65560965805.40319	on	triple
2	0	0.05	0.07855555555555555	180609963755.09265	174589185724.19556	46812694749.96221	on	triple
3	0	0.05	0.11733333333333332	180609963755.09265	158355272730.00638	38795150200.40236	on	triple
4	0	0.05	0.1561111111111111	180609963755.09265	149316856200.51367	34543232125.313705	on	triple
5	0	0.05	0.19488888888888886	180609963755.09265	143463747416.71277	31899274748.659634	on	triple
6	0	0.05	0.23366666666666663	180609963755.09265	139401662115.63034	30194233977.476288	on	triple
7	0	0.05	0.2724444444444444	180609963755.09265	136444424835.16357	28871876615.270042	on	triple
8	0	0.05	0.3112222222222222	180609963755.09265	134130512223.74008	27895055545.60496	on	triple
9	0	0.05	0.35	180609963755.09265	132331274635.14742	27116673500.155323	on	triple
10	0	0.15	0.001	180609963755.09265	390273017586.6311	166885943664.16324	on	triple
11	0	0.15	0.03977777777777777	180609963755.09265	212782922468.02856	65772646538.694305	on	triple
12	0	0.15	0.07855555555555555	180609963755.09265	175022566082.85114	46976061406.59141	on	triple
13	0	0.15	0.11733333333333332	180609963755.09265	158773184047.11057	39008422884.33061	on	triple
14	0	0.15	0.1561111111111111	180609963755.09265	149734704755.6761	34718659098.30747	on	triple
15	0	0.15	0.19488888888888886	180609963755.09265	143884975124.24988	32115264934.06485	on	triple
16	0	0.15	0.23366666666666663	180609963755.09265	139821914375.6134	30391606565.891033	on	triple
17	0	0.15	0.2724444444444444	180609963755.09265	136866047014.06084	29069785498.37059	on	triple
18	0	0.15	0.3112222222222222	180609963755.09265	134575731506.87718	28086524036.531292	on	triple
19	0	0.15	0.35	180609963755.09265	132746422272.12527	27323327426.975014	on	triple
20	0	0.5	0.001	180609963755.09265	391725550933.36206	167564778055.29205	on	triple
21	0	0.5	0.03977777777777777	180609963755.09265	214171171986.52087	66513450425.19799	on	triple
22	0	0.5	0.07855555555555555	180609963755.09265	176393688976.93033	47663680178.95943	on	triple
23	0	0.5	0.11733333333333332	180609963755.09265	160152675507.22363	39782684021.589294	on	triple
24	0	0.5	0.1561111111111111	180609963755.09265	151103152903.55106	35506363085.52923	on	triple
25	0	0.5	0.19488888888888886	180609963755.09265	145308397975.26385	32780317915.73244	on	triple
26	0	0.5	0.23366666666666663	180609963755.09265	141206684161.61404	31095455091.628628	on	triple
27	0	0.5	0.2724444444444444	180609963755.09265	138233577346.65717	29763789373.971283	on	triple
28	0	0.5	0.3112222222222222	180609963755.09265	135986790901.21451	28760028275.19996	on	triple
29	0	0.5	0.35	180609963755.09265	134164599040.2037	27972667761.80877	on	triple
30	90	0.05	0.001	180609963755.09265	390535921988.8705	167153597669.95172	on	triple
31	90	0.05	0.03977777777777777	180609963755.09265	213168821243.1784	66307614446.832924	on	triple
32	90	0.05	0.07855555555555555	180609963755.09265	175464292818.3456	47434843084.63882	on	triple
33	90	0.05	0.11733333333333332	180609963755.09265	159250536018.0867	39431938455.02344	on	triple
34	90	0.05	0.1561111111111111	180609963755.09265	150203907405.1846	35195197569.63841	on	triple
35	90	0.05	0.19488888888888886	180609963755.09265	144386529850.97986	32608351146.68559	on	triple
36	90	0.05	0.23366666666666663	180609963755.09265	140341018905.32736	30835980238.370026	on	triple
37	90	0.05	0.2724444444444444	180609963755.09265	137395010907.69583	29493803204.662292	on	triple
38	90	0.05	0.3112222222222222	180609963755.09265	135094963484.20859	28504724928.85547	on	triple
39	90	0.05	0.35	180609963755.09265	133301356148.23776	27748789897.273247	on	triple
40	90	0.15	0.001	180609963755.09265	390992534538.66907	167341820609.98145	on	triple
41	90	0.15	0.03977777777777777	180609963755.09265	213600693878.6914	66471257475.35492	on	triple
42	90	0.15	0.07855555555555555	180609963755.09265	175885452060.40588	47626173398.2617	on	triple
43	90	0.15	0.11733333333333332	180609963755.09265	159674047633.67053	39623149316.15872	on	triple
44	90	0.15	0.1561111111111111	180609963755.09265	150616727564.57513	35404218476.137695	on	triple
45	90	0.15	0.19488888888888886	180609963755.09265	144806804676.49142	32801887847.554424	on	triple
46	90	0.15	0.23366666666666663	180609963755.09265	140760256031.20752	30986898278.721092	on	triple
47	90	0.15	0.2724444444444444	180609963755.09265	137810503678.00244	29675807473.0132	on	triple
48	90	0.15	0.3112222222222222	180609963755.09265	135509538182.30655	28681613927.137516	on	triple
49	90	0.15	0.35	180609963755.09265	133719153596.89722	27878139510.812145	on	triple
50	90	0.5	0.001	180609963755.09265	392425771223.7201	167976281278.3577	on	triple
51	90	0.5	0.03977777777777777	180609963755.09265	214998861301.00574	67141674202.708206	on	triple
52	90	0.5	0.07855555555555555	180609963755.09265	177260919466.27887	48251224077.0783	on	triple
53	90	0.5	0.11733333333333332	180609963755.09265	161040375199.43124	40362765671.10065	on	triple
54	90	0.5	0.1561111111111111	180609963755.09265	151981671833.70856	36090487141.87742	on	triple
55	90	0.5	0.19488888888888886	180609963755.09265	146229545402.17947	33401240394.004166	on	triple
56	90	0.5	0.23366666666666663	180609963755.09265	142128236062.09198	31622605129.054264	on	triple
57	90	0.5	0.2724444444444444	180609963755.09265	139184714469.942	30323715821.027763	on	triple
58	90	0.5	0.3112222222222222	180609963755.09265	136895283309.26123	29307623626.3745	on	triple
59	90	0.5	0.35	180609963755.09265	135093485949.7757	28501133356.829746	on	triple
60	180	0.05	0.001	180609963755.09265	390101855513.8394	166796029381.45352	on	triple
61	180	0.05	0.03977777777777777	180609963755.09265	212730641033.6803	65926172404.19648	on	triple
62	180	0.05	0.07855555555555555	180609963755.09265	175065548126.61475	46998977985.30417	on	triple
63	180	0.05	0.11733333333333332	180609963755.09265	158885471706.1852	39050969400.60165	on	triple
64	180	0.05	0.1561111111111111	180609963755.09265	149864427878.14697	34774402825.00775	on	triple
65	180	0.05	0.19488888888888886	180609963755.09265	144039777292.9803	32179151304.255764	on	triple
66	180	0.05	0.23366666666666663	180609963755.09265	139996090511.59024	30424968624.918694	on	triple
67	180	0.05	0.2724444444444444	180609963755.09265	137042557349.36469	29116110498.75145	on	triple
68	180	0.05	0.3112222222222222	180609963755.09265	134758854246.12549	28128955447.00714	on	triple
69	180	0.05	0.35	180609963755.09265	133000594427.1587	27340030950.92968	on	triple
70	180	0.15	0.001	180609963755.09265	390567658600.44775	167009192928.86404	on	triple
71	180	0.15	0.03977777777777777	180609963755.09265	213158736402.27576	66095351391.13949	on	triple
72	180	0.15	0.07855555555555555	180609963755.09265	175498710826.97552	47197460134.180374	on	triple
73	180	0.15	0.11733333333333332	180609963755.09265	159317701153.9144	39235195315.16504	on	triple
74	180	0.15	0.1561111111111111	180609963755.09265	150292798164.31192	35010382291.94569	on	triple
75	180	0.15	0.19488888888888886	180609963755.09265	144472148015.4367	32375319306.04711	on	triple
76	180	0.15	0.23366666666666663	180609963755.09265	140432369785.1882	30624013175.665684	on	triple
77	180	0.15	0.2724444444444444	180609963755.09265	137477627929.75003	29300301220.684727	on	triple
78	180	0.15	0.3112222222222222	180609963755.09265	135192258069.49548	28290001436.518967	on	triple
79	180	0.15	0.35	180609963755.09265	133407029367.97403	27507438405.94957	on	triple
80	180	0.5	0.001	180609963755.09265	392042460533.7615	167613884784.32233	on	triple
81	180	0.5	0.03977777777777777	180609963755.09265	214636061659.21912	66763714570.12533	on	triple
82	180	0.5	0.07855555555555555	180609963755.09265	176933711578.97366	47886088235.37068	on	triple
83	180	0.5	0.11733333333333332	180609963755.09265	160722873337.08426	39950677498.0056	on	triple
84	180	0.5	0.1561111111111111	180609963755.09265	151703232346.9171	35693283636.68793	on	triple
85	180	0.5	0.19488888888888886	180609963755.09265	145929486323.39114	33008807110.690006	on	triple
86	180	0.5	0.23366666666666663	180609963755.09265	141844021721.4575	31237988446.87698	on	triple
87	180	0.5	0.2724444444444444	180609963755.09265	138865339120.38107	29922245769.08261	on	triple
88	180	0.5	0.3112222222222222	180609963755.09265	136616371137.97809	28909354208.068924	on	triple
89	180	0.5	0.35	180609963755.09265	134822196254.96448	28129356123.144104	on	triple
90	270	0.05	0.001	180609963755.09265	390475303324.4005	167150724131.55685	on	triple
91	270	0.05	0.03977777777777777	180609963755.09265	213029316606.00504	66114341711.135635	on	triple
92	270	0.05	0.07855555555555555	180609963755.09265	175284127965.52585	47332334362.743645	on	triple
93	270	0.05	0.11733333333333332	180609963755.09265	159053572486.10364	39380053493.82773	on	triple
94	270	0.05	0.1561111111111111	180609963755.09265	150016309749.53467	35046249756.99146	on	triple
95	270	0.05	0.19488888888888886	180609963755.09265	144186089533.08694	32443037349.289284	on	triple
96	270	0.05	0.23366666666666663	180609963755.09265	140119251093.5604	30720664267.567265	on	triple
97	270	0.05	0.2724444444444444	180609963755.09265	137162719139.49754	29378191938.765488	on	triple
98	270	0.05	0.3112222222222222	180609963755.09265	134864176154.14185	28371264070.06836	on	triple
99	270	0.05	0.35	180609963755.09265	133079380222.78229	27588736419.949783	on	triple
100	270	0.15	0.001	180609963755.09265	390929345971.74646	167340515048.65744	on	triple
101	270	0.15	0.03977777777777777	180609963755.09265	213463861730.40515	66299416098.92195	on	triple
102	270	0.15	0.07855555555555555	180609963755.09265	175702438227.8321	47507268550.73465	on	triple
103	270	0.15	0.11733333333333332	180609963755.09265	159462847714.6504	39559041286.13181	on	triple
104	270	0.15	0.1561111111111111	180609963755.09265	150431804176.12332	35256312636.85058	on	triple
105	270	0.15	0.19488888888888886	180609963755.09265	144603954399.598	32658240425.97354	on	triple
106	270	0.15	0.23366666666666663	180609963755.09265	140533263525.76337	30896974971.33732	on	triple
107	270	0.15	0.2724444444444444	180609963755.09265	137584771819.18658	29554821210.23339	on	triple
108	270	0.15	0.3112222222222222	180609963755.09265	135293416780.95447	28564980393.754284	on	triple
109	270	0.15	0.35	180609963755.09265	133498583210.38654	27760536906.59536	on	triple
110	270	0.5	0.001	180609963755.09265	392352818538.63086	168004901032.00714	on	triple
111	270	0.5	0.03977777777777777	180609963755.09265	214854379087.52527	66990998264.96108	on	triple
112	270	0.5	0.07855555555555555	180609963755.09265	177074831189.99655	48166224053.46229	on	triple
113	270	0.5	0.11733333333333332	180609963755.09265	160842037392.70364	40288082282.11892	on	triple
114	270	0.5	0.1561111111111111	180609963755.09265	151793356847.44547	35966700476.56997	on	triple
115	270	0.5	0.19488888888888886	180609963755.09265	146019634923.17023	33299397646.297523	on	triple
116	270	0.5	0.23366666666666663	180609963755.09265	141901391630.80847	31502163452.05911	on	triple
117	270	0.5	0.2724444444444444	180609963755.09265	138920087578.2439	30213677381.667713	on	triple
118	270	0.5	0.3112222222222222	180609963755.09265	136669835306.91833	29213671244.91823	on	triple
119	270	0.5	0.35	180609963755.09265	134875958020.35599	28440489599.16073	on	triple
0	0	0.05	0.001	180609963755.09265	389658757559.0709	190043447540.6359	off	single
1	0	0.05	0.03977777777777777	180609963755.09265	212420335906.60336	84441064489.23395	off	single
2	0	0.05	0.07855555555555555	180609963755.09265	174682764227.28113	63683939864.2834	off	single
3	0	0.05	0.11733333333333332	180609963755.09265	158438389820.43176	54787826708.605644	off	single
4	0	0.05	0.1561111111111111	180609963755.09265	149384420178.28558	49764374333.62397	off	single
5	0	0.05	0.19488888888888886	180609963755.09265	143528993695.22748	46590490767.85449	off	single
6	0	0.05	0.23366666666666663	180609963755.09265	139470408435.55215	44519737641.262146	off	single
7	0	0.05	0.2724444444444444	180609963755.09265	136505997616.55148	42933864020.13908	off	single
8	0	0.05	0.3112222222222222	180609963755.09265	134190145394.06458	41761746878.42704	off	single
9	0	0.05	0.35	180609963755.09265	132387873672.97	40875245721.93913	off	single
10	0	0.15	0.001	180609963755.09265	390365351686.2197	190255547224.41962	off	single
11	0	0.15	0.03977777777777777	180609963755.09265	213140294633.42108	84715441008.64449	off	single
12	0	0.15	0.07855555555555555	180609963755.09265	175403725419.08813	63967629914.41581	off	single
13	0	0.15	0.11733333333333332	180609963755.09265	159151917362.79303	55059757787.87722	off	single
14	0	0.15	0.1561111111111111	180609963755.09265	150111763148.6065	50050621324.23124	off	single
15	0	0.15	0.19488888888888886	180609963755.09265	144259899808.79282	46898121162.998535	off	single
16	0	0.15	0.23366666666666663	180609963755.09265	140194112985.69034	44815992619.7855	off	single
17	0	0.15	0.2724444444444444	180609963755.09265	137243592867.85861	43213384587.23761	off	single
18	0	0.15	0.3112222222222222	180609963755.09265	134940674778.02563	42062903818.17082	off	single
19	0	0.15	0.35	180609963755.09265	133123253798.57394	41133728424.27905	off	single
20	0	0.5	0.001	180609963755.09265	392636630598.5309	191043304802.1396	off	single
21	0	0.5	0.03977777777777777	180609963755.09265	215497885808.0855	85718099295.54843	off	single
22	0	0.5	0.07855555555555555	180609963755.09265	177777156450.39105	65013600874.624535	off	single
23	0	0.5	0.11733333333333332	180609963755.09265	161528864756.49692	56155802911.580345	off	single
24	0	0.5	0.1561111111111111	180609963755.09265	152497705663.60754	51094517064.84714	off	single
25	0	0.5	0.19488888888888886	180609963755.09265	146684867953.871	47964425620.30518	off	single
26	0	0.5	0.23366666666666663	180609963755.09265	142606111296.2566	45820998286.21468	off	single
27	0	0.5	0.2724444444444444	180609963755.09265	139644290460.7897	44313420032.06965	off	single
28	0	0.5	0.3112222222222222	180609963755.09265	137402014649.65417	43082464267.667015	off	single
29	0	0.5	0.35	180609963755.09265	135595417914.8405	42148424920.79059	off	single
30	90	0.05	0.001	180609963755.09265	390372666569.9405	190507871909.72797	off	single
31	90	0.05	0.03977777777777777	180609963755.09265	213233123117.7198	85219230718.31866	off	single
32	90	0.05	0.07855555555555555	180609963755.09265	175553707143.5426	64430423605.70043	off	single
33	90	0.05	0.11733333333333332	180609963755.09265	159323093717.99652	55514023334.53439	off	single
34	90	0.05	0.1561111111111111	180609963755.09265	150259109200.64792	50511189981.49781	off	single
35	90	0.05	0.19488888888888886	180609963755.09265	144444493843.88297	47391338038.99503	off	single
36	90	0.05	0.23366666666666663	180609963755.09265	140399600572.38202	45318963012.737686	off	single
37	90	0.05	0.2724444444444444	180609963755.09265	137452919238.84085	43703342007.73754	off	single
38	90	0.05	0.3112222222222222	180609963755.09265	135148006061.28908	42547983504.98333	off	single
39	90	0.05	0.35	180609963755.09265	133352865724.81192	41636018524.40936	off	single
40	90	0.15	0.001	180609963755.09265	391078596883.74854	190691047674.07016	off	single
41	90	0.15	0.03977777777777777	180609963755.09265	213961847939.65625	85454981300.30017	off	single
42	90	0.15	0.07855555555555555	180609963755.09265	176266402104.61792	64692594833.73012	off	single
43	90	0.15	0.11733333333333332	180609963755.09265	160043612107.0387	55769509060.06752	off	single
44	90	0.15	0.1561111111111111	180609963755.09265	150985506262.47437	50800848101.651634	off	single
45	90	0.15	0.19488888888888886	180609963755.09265	145176866828.13055	47652640548.84796	off	single
46	90	0.15	0.23366666666666663	180609963755.09265	141125701088.5839	45588139075.81146	off	single
47	90	0.15	0.2724444444444444	180609963755.09265	138181034239.9128	43960962658.55415	off	single
48	90	0.15	0.3112222222222222	180609963755.09265	135887807272.06406	42807829649.42662	off	single
49	90	0.15	0.35	180609963755.09265	134070352193.49405	41886739266.64803	off	single
50	90	0.5	0.001	180609963755.09265	393346542004.3336	191382397121.3454	off	single
51	90	0.5	0.03977777777777777	180609963755.09265	216318582837.16733	86363838480.0875	off	single
52	90	0.5	0.07855555555555555	180609963755.09265	178637467639.7123	65662800005.08776	off	single
53	90	0.5	0.11733333333333332	180609963755.09265	162404409502.27094	56765690134.06778	off	single
54	90	0.5	0.1561111111111111	180609963755.09265	153370320246.87396	51779044879.74219	off	single
55	90	0.5	0.19488888888888886	180609963755.09265	147602405939.31326	48664747124.99718	off	single
56	90	0.5	0.23366666666666663	180609963755.09265	143523474358.27365	46560239681.06505	off	single
57	90	0.5	0.2724444444444444	180609963755.09265	140544317058.28906	45006869192.92477	off	single
58	90	0.5	0.3112222222222222	180609963755.09265	138291288066.6741	43757829247.875725	off	single
59	90	0.5	0.35	180609963755.09265	136492056752.42465	42836417781.883896	off	single
60	180	0.05	0.001	180609963755.09265	389914241787.8927	190101236820.95987	off	single
61	180	0.05	0.03977777777777777	180609963755.09265	212795274449.22873	84783762926.5781	off	single
62	180	0.05	0.07855555555555555	180609963755.09265	175152131288.32788	63943405828.04987	off	single
63	180	0.05	0.11733333333333332	180609963755.09265	158949097292.07727	54963947119.6548	off	single
64	180	0.05	0.1561111111111111	180609963755.09265	149919315791.17548	50003648467.36989	off	single
65	180	0.05	0.19488888888888886	180609963755.09265	144093840184.95096	46872307925.62919	off	single
66	180	0.05	0.23366666666666663	180609963755.09265	140057158605.7186	44771712066.978745	off	single
67	180	0.05	0.2724444444444444	180609963755.09265	137097004620.8799	43243491920.86463	off	single
68	180	0.05	0.3112222222222222	180609963755.09265	134807410730.70927	42044835371.297966	off	single
69	180	0.05	0.35	180609963755.09265	133038862363.33414	41129035509.37295	off	single
70	180	0.15	0.001	180609963755.09265	390637482501.11304	190321938573.279	off	single
71	180	0.15	0.03977777777777777	180609963755.09265	213526463482.13367	85003407094.98445	off	single
72	180	0.15	0.07855555555555555	180609963755.09265	175890802864.88235	64193867418.83592	off	single
73	180	0.15	0.11733333333333332	180609963755.09265	159675112215.83713	55224944363.15878	off	single
74	180	0.15	0.1561111111111111	180609963755.09265	150663214084.3937	50291331973.997284	off	single
75	180	0.15	0.19488888888888886	180609963755.09265	144829603257.93024	47135274796.845665	off	single
76	180	0.15	0.23366666666666663	180609963755.09265	140796797631.71515	45038370626.87658	off	single
77	180	0.15	0.2724444444444444	180609963755.09265	137843142014.06088	43498403749.439384	off	single
78	180	0.15	0.3112222222222222	180609963755.09265	135554627087.70348	42306958424.1455	off	single
79	180	0.15	0.35	180609963755.09265	133754998740.65059	41405187609.45055	off	single
80	180	0.5	0.001	180609963755.09265	392959614926.97144	191018496635.81354	off	single
81	180	0.5	0.03977777777777777	180609963755.09265	215961542617.50232	85877439930.72993	off	single
82	180	0.5	0.07855555555555555	180609963755.09265	178325647031.1149	65155835927.29198	off	single
83	180	0.5	0.11733333333333332	180609963755.09265	162094023911.18372	56237563161.963104	off	single
84	180	0.5	0.1561111111111111	180609963755.09265	153090687283.11383	51292312871.12323	off	single
85	180	0.5	0.19488888888888886	180609963755.09265	147309215809.11493	48177043117.61488	off	single
86	180	0.5	0.23366666666666663	180609963755.09265	143240034865.5865	45969740363.03648	off	single
87	180	0.5	0.2724444444444444	180609963755.09265	140265877367.8701	44489111882.50554	off	single
88	180	0.5	0.3112222222222222	180609963755.09265	138019094200.60208	43279586605.40898	off	single
89	180	0.5	0.35	180609963755.09265	136220727693.42578	42383547130.027054	off	single
90	270	0.05	0.001	180609963755.09265	390302182801.69855	190531627971.5246	off	single
91	270	0.05	0.03977777777777777	180609963755.09265	213097300559.6818	85121180033.23703	off	single
92	270	0.05	0.07855555555555555	180609963755.09265	175370238742.72687	64390046788.534515	off	single
93	270	0.05	0.11733333333333332	180609963755.09265	159120424361.07043	55450048287.93376	off	single
94	270	0.05	0.1561111111111111	180609963755.09265	150087096314.67825	50450303162.82948	off	single
95	270	0.05	0.19488888888888886	180609963755.09265	144236736486.36032	47302552560.75389	off	single
96	270	0.05	0.23366666666666663	180609963755.09265	140182674489.0165	45215146431.95772	off	single
97	270	0.05	0.2724444444444444	180609963755.09265	137219567238.02762	43623900666.679214	off	single
98	270	0.05	0.3112222222222222	180609963755.09265	134918525596.98746	42460985829.245865	off	single
99	270	0.05	0.35	180609963755.09265	133128250876.79846	41542700467.27973	off	single
100	270	0.15	0.001	180609963755.09265	391008263884.15894	190730356245.98746	off	single
101	270	0.15	0.03977777777777777	180609963755.09265	213821260226.622	85371621101.42068	off	single
102	270	0.15	0.07855555555555555	180609963755.09265	176079857654.16385	64638357340.65987	off	single
103	270	0.15	0.11733333333333332	180609963755.09265	159837111458.7692	55724163079.27601	off	single
104	270	0.15	0.1561111111111111	180609963755.09265	150810056428.2968	50730403997.728905	off	single
105	270	0.15	0.19488888888888886	180609963755.09265	144972203681.3465	47565831116.947395	off	single
106	270	0.15	0.23366666666666663	180609963755.09265	140904022468.0094	45483702635.25906	off	single
107	270	0.15	0.2724444444444444	180609963755.09265	137950952423.61005	43882086622.44832	off	single
108	270	0.15	0.3112222222222222	180609963755.09265	135648751923.5523	42717689432.53177	off	single
109	270	0.15	0.35	180609963755.09265	133850682440.49646	41784620818.16671	off	single
110	270	0.5	0.001	180609963755.09265	393263109541.71094	191463317549.95905	off	single
111	270	0.5	0.03977777777777777	180609963755.09265	216171486721.9773	86219889410.79326	off	single
112	270	0.5	0.07855555555555555	180609963755.09265	178446831837.34103	65593228157.742165	off	single
113	270	0.5	0.11733333333333332	180609963755.09265	162206783023.732	56720992162.34803	off	single
114	270	0.5	0.1561111111111111	180609963755.09265	153172938824.5284	51718078170.53364	off	single
115	270	0.5	0.19488888888888886	180609963755.09265	147394422312.76385	48622397747.69429	off	single
116	270	0.5	0.23366666666666663	180609963755.09265	143290536369.01215	46394249948.39821	off	single
117	270	0.5	0.2724444444444444	180609963755.09265	140321442066.86337	44925114607.71434	off	single
118	270	0.5	0.3112222222222222	180609963755.09265	138074513509.30197	43676938780.524666	off	single
119	270	0.5	0.35	180609963755.09265	136279475940.8541	42732928241.345604	off	single
0	0	0.05	0.001	180609963755.09265	389563406592.75574	190041864514.69937	off	double
1	0	0.05	0.03977777777777777	180609963755.09265	212311374711.63733	84429259902.79214	off	double
2	0	0.05	0.07855555555555555	180609963755.09265	174571747020.49435	63656198579.777115	off	double
3	0	0.05	0.11733333333333332	180609963755.09265	158326681030.03473	54772232535.41085	off	double
4	0	0.05	0.1561111111111111	180609963755.09265	149274499412.49933	49746431451.54559	off	double
5	0	0.05	0.19488888888888886	180609963755.09265	143415783999.22385	46575960742.15763	off	double
6	0	0.05	0.23366666666666663	180609963755.09265	139357281224.1135	44503590918.49721	off	double
7	0	0.05	0.2724444444444444	180609963755.09265	136392568359.73601	42915855089.90851	off	double
8	0	0.05	0.3112222222222222	180609963755.09265	134077233818.82152	41742637249.16504	off	double
9	0	0.05	0.35	180609963755.09265	132282300811.94946	40857287735.98102	off	double
10	0	0.15	0.001	180609963755.09265	390091713961.6663	190242181436.38943	off	double
11	0	0.15	0.03977777777777777	180609963755.09265	212834466294.89435	84671686878.91444	off	double
12	0	0.15	0.07855555555555555	180609963755.09265	175091298254.75024	63914703789.66499	off	double
13	0	0.15	0.11733333333333332	180609963755.09265	158839090999.40005	55009941263.68004	off	double
14	0	0.15	0.1561111111111111	180609963755.09265	149787563478.25653	49991483248.28481	off	double
15	0	0.15	0.19488888888888886	180609963755.09265	143933091519.62662	46837617691.69122	off	double
16	0	0.15	0.23366666666666663	180609963755.09265	139867855968.13226	44753570228.52378	off	double
17	0	0.15	0.2724444444444444	180609963755.09265	136915522219.84195	43148734901.21478	off	double
18	0	0.15	0.3112222222222222	180609963755.09265	134617832592.05069	41999951118.08186	off	double
19	0	0.15	0.35	180609963755.09265	132796042416.88705	41072902417.93227	off	double
20	0	0.5	0.001	180609963755.09265	391796116876.6743	191006297024.79697	off	double
21	0	0.5	0.03977777777777777	180609963755.09265	214519397306.27652	85523329309.70561	off	double
22	0	0.5	0.07855555555555555	180609963755.09265	176773221349.5656	64825446428.95189	off	double
23	0	0.5	0.11733333333333332	180609963755.09265	160530958107.18652	55951122715.85867	off	double
24	0	0.5	0.1561111111111111	180609963755.09265	151479957246.65628	50911650220.12842	off	double
25	0	0.5	0.19488888888888886	180609963755.09265	145662400861.89355	47739054772.54891	off	double
26	0	0.5	0.23366666666666663	180609963755.09265	141571524813.15225	45651478227.30849	off	double
27	0	0.5	0.2724444444444444	180609963755.09265	138605649330.77103	44086815433.993164	off	double
28	0	0.5	0.3112222222222222	180609963755.09265	136353244497.33374	42861974761.270294	off	double
29	0	0.5	0.35	180609963755.09265	134534676657.12656	41947658260.25246	off	double
30	90	0.05	0.001	180609963755.09265	390276119096.33887	190501882292.2176	off	double
31	90	0.05	0.03977777777777777	180609963755.09265	213125812415.43372	85206955424.4277	off	double
32	90	0.05	0.07855555555555555	180609963755.09265	175441164364.24728	64416498197.62997	off	double
33	90	0.05	0.11733333333333332	180609963755.09265	159213423130.0088	55499367827.12296	off	double
34	90	0.05	0.1561111111111111	180609963755.09265	150147718550.6563	50495629877.87061	off	double
35	90	0.05	0.19488888888888886	180609963755.09265	144331994740.37238	47375129736.5807	off	double
36	90	0.05	0.23366666666666663	180609963755.09265	140284798592.11285	45301632512.60088	off	double
37	90	0.05	0.2724444444444444	180609963755.09265	137338426584.84564	43686130416.541046	off	double
38	90	0.05	0.3112222222222222	180609963755.09265	135036641011.10945	42530915442.04805	off	double
39	90	0.05	0.35	180609963755.09265	133239450178.09325	41619274169.68899	off	double
40	90	0.15	0.001	180609963755.09265	390807514298.783	190683930103.515	off	double
41	90	0.15	0.03977777777777777	180609963755.09265	213652027835.10248	85415784043.35092	off	double
42	90	0.15	0.07855555555555555	180609963755.09265	175955449715.4069	64642043565.60556	off	double
43	90	0.15	0.11733333333333332	180609963755.09265	159729164626.94855	55715820269.27783	off	double
44	90	0.15	0.1561111111111111	180609963755.09265	150658563366.85147	50737659860.30553	off	double
45	90	0.15	0.19488888888888886	180609963755.09265	144849714382.22656	47595320328.68941	off	double
46	90	0.15	0.23366666666666663	180609963755.09265	140799110653.45343	45528475307.87353	off	double
47	90	0.15	0.2724444444444444	180609963755.09265	137845677624.79565	43904454940.50228	off	double
48	90	0.15	0.3112222222222222	180609963755.09265	135556261472.71008	42749450600.434364	off	double
49	90	0.15	0.35	180609963755.09265	133742856321.76663	41830276310.21544	off	double
50	90	0.5	0.001	180609963755.09265	392507200313.4487	191356527982.95157	off	double
51	90	0.5	0.03977777777777777	180609963755.09265	215346851112.6701	86198496619.68391	off	double
52	90	0.5	0.07855555555555555	180609963755.09265	177629001488.45172	65481681190.2769	off	double
53	90	0.5	0.11733333333333332	180609963755.09265	161413039009.59885	56567314027.46115	off	double
54	90	0.5	0.1561111111111111	180609963755.09265	152351162625.80267	51583910937.93756	off	double
55	90	0.5	0.19488888888888886	180609963755.09265	146570605789.4412	48442803630.464325	off	double
56	90	0.5	0.23366666666666663	180609963755.09265	142488352522.4146	46345797522.25757	off	double
57	90	0.5	0.2724444444444444	180609963755.09265	139509322579.2798	44789798367.4935	off	double
58	90	0.5	0.3112222222222222	180609963755.09265	137256358237.70776	43535302573.27473	off	double
59	90	0.5	0.35	180609963755.09265	135444467590.06871	42618432221.86491	off	double
60	180	0.05	0.001	180609963755.09265	389818113283.47217	190100125370.965	off	double
61	180	0.05	0.03977777777777777	180609963755.09265	212689464745.6386	84771942914.41335	off	double
62	180	0.05	0.07855555555555555	180609963755.09265	175038403231.0188	63928910236.88055	off	double
63	180	0.05	0.11733333333333332	180609963755.09265	158838587288.32202	54948107372.75841	off	double
64	180	0.05	0.1561111111111111	180609963755.09265	149805550969.13998	49986955269.10926	off	double
65	180	0.05	0.19488888888888886	180609963755.09265	143978686189.22995	46854681834.48577	off	double
66	180	0.05	0.23366666666666663	180609963755.09265	139935968983.23364	44744334594.335945	off	double
67	180	0.05	0.2724444444444444	180609963755.09265	136983002528.19293	43217872026.06801	off	double
68	180	0.05	0.3112222222222222	180609963755.09265	134695197790.10724	42027428242.4177	off	double
69	180	0.05	0.35	180609963755.09265	132927376192.86707	41111588884.71629	off	double
70	180	0.15	0.001	180609963755.09265	390364934287.1429	190314246551.08994	off	double
71	180	0.15	0.03977777777777777	180609963755.09265	213207953790.67084	84963229691.39792	off	double
72	180	0.15	0.07855555555555555	180609963755.09265	175568986797.85318	64146085391.53693	off	double
73	180	0.15	0.11733333333333332	180609963755.09265	159354053671.8421	55169664126.59502	off	double
74	180	0.15	0.1561111111111111	180609963755.09265	150331874761.62863	50230288191.4182	off	double
75	180	0.15	0.19488888888888886	180609963755.09265	144504811714.60724	47082481323.82149	off	double
76	180	0.15	0.23366666666666663	180609963755.09265	140470021180.22906	44981699600.18636	off	double
77	180	0.15	0.2724444444444444	180609963755.09265	137508184357.90332	43439903973.58595	off	double
78	180	0.15	0.3112222222222222	180609963755.09265	135225529039.27902	42250248995.87126	off	double
79	180	0.15	0.35	180609963755.09265	133424187716.08879	41346375951.297485	off	double
80	180	0.5	0.001	180609963755.09265	392116560419.94995	190984825315.74152	off	double
81	180	0.5	0.03977777777777777	180609963755.09265	214987303345.8479	85730918983.07872	off	double
82	180	0.5	0.07855555555555555	180609963755.09265	177316924640.09662	64971472797.72235	off	double
83	180	0.5	0.11733333333333332	180609963755.09265	161096140018.23907	56041353654.7899	off	double
84	180	0.5	0.1561111111111111	180609963755.09265	152072441731.03244	51066973452.19751	off	double
85	180	0.5	0.19488888888888886	180609963755.09265	146268724070.59985	47951461198.35429	off	double
86	180	0.5	0.23366666666666663	180609963755.09265	142201827013.4384	45824050505.00615	off	double
87	180	0.5	0.2724444444444444	180609963755.09265	139223446990.34015	44248434881.49324	off	double
88	180	0.5	0.3112222222222222	180609963755.09265	136975311099.10422	43062568401.14282	off	double
89	180	0.5	0.35	180609963755.09265	135178543601.12479	42164432939.55484	off	double
90	270	0.05	0.001	180609963755.09265	390205457182.37317	190535562394.13278	off	double
91	270	0.05	0.03977777777777777	180609963755.09265	212987581237.95822	85110662643.39743	off	double
92	270	0.05	0.07855555555555555	180609963755.09265	175257976122.48907	64375187283.92239	off	double
93	270	0.05	0.11733333333333332	180609963755.09265	159008087045.33417	55434323686.117294	off	double
94	270	0.05	0.1561111111111111	180609963755.09265	149973919153.5571	50435002858.79845	off	double
95	270	0.05	0.19488888888888886	180609963755.09265	144124290947.45215	47287548952.67068	off	double
96	270	0.05	0.23366666666666663	180609963755.09265	140071567459.31372	45197977072.0208	off	double
97	270	0.05	0.2724444444444444	180609963755.09265	137105362187.41508	43604955287.135735	off	double
98	270	0.05	0.3112222222222222	180609963755.09265	134805229375.86272	42444284597.36045	off	double
99	270	0.05	0.35	180609963755.09265	133019055664.40274	41524610042.7987	off	double
100	270	0.15	0.001	180609963755.09265	390736006413.2953	190723856663.279	off	double
101	270	0.15	0.03977777777777777	180609963755.09265	213508869741.97736	85327451639.9873	off	double
102	270	0.15	0.07855555555555555	180609963755.09265	175766613015.62134	64589846237.49911	off	double
103	270	0.15	0.11733333333333332	180609963755.09265	159514865556.92737	55670746038.73848	off	double
104	270	0.15	0.1561111111111111	180609963755.09265	150485427945.7552	50664009425.67923	off	double
105	270	0.15	0.19488888888888886	180609963755.09265	144638258650.36322	47505587852.53001	off	double
106	270	0.15	0.23366666666666663	180609963755.09265	140579797990.5589	45425468686.73657	off	double
107	270	0.15	0.2724444444444444	180609963755.09265	137625230402.90634	43823755043.02461	off	double
108	270	0.15	0.3112222222222222	180609963755.09265	135333370629.61096	42656894472.510796	off	double
109	270	0.15	0.35	180609963755.09265	133525142967.48662	41742364727.606415	off	double
110	270	0.5	0.001	180609963755.09265	392418200616.3937	191415723604.80206	off	double
111	270	0.5	0.03977777777777777	180609963755.09265	215204692563.3141	86055894657.2463	off	double
112	270	0.5	0.07855555555555555	180609963755.09265	177441014736.3314	65413638092.10037	off	double
113	270	0.5	0.11733333333333332	180609963755.09265	161217699687.26984	56529419743.53703	off	double
114	270	0.5	0.1561111111111111	180609963755.09265	152164053462.91022	51515585622.912544	off	double
115	270	0.5	0.19488888888888886	180609963755.09265	146365129931.52982	48367888318.47764	off	double
116	270	0.5	0.23366666666666663	180609963755.09265	142262271107.94467	46256224083.829575	off	double
117	270	0.5	0.2724444444444444	180609963755.09265	139280250299.8153	44710538287.47597	off	double
118	270	0.5	0.3112222222222222	180609963755.09265	137035993806.80637	43461329946.97544	off	double
119	270	0.5	0.35	180609963755.09265	135242036135.87524	42523999010.1712	off	double
0	0	0.05	0.001	180609963755.09265	389520540447.6877	190036576607.96466	off	triple
1	0	0.05	0.03977777777777777	180609963755.09265	212263023334.96326	84416234419.24956	off	triple
2	0	0.05	0.07855555555555555	180609963755.09265	174521447340.13776	63641235333.476746	off	triple
3	0	0.05	0.11733333333333332	180609963755.09265	158276724479.41394	54752293267.920746	off	triple
4	0	0.05	0.1561111111111111	180609963755.09265	149224000122.4359	49729651683.45734	off	triple
5	0	0.05	0.19488888888888886	180609963755.09265	143365366939.46878	46560909085.5581	off	triple
6	0	0.05	0.23366666666666663	180609963755.09265	139306793098.04584	44487529207.06076	off	triple
7	0	0.05	0.2724444444444444	180609963755.09265	136341798541.44177	42899986726.53217	off	triple
8	0	0.05	0.3112222222222222	180609963755.09265	134026564530.6488	41727311468.191986	off	triple
9	0	0.05	0.35	180609963755.09265	132231527145.5267	40842515744.86535	off	triple
10	0	0.15	0.001	180609963755.09265	389970329827.2655	190221789391.2613	off	triple
11	0	0.15	0.03977777777777777	180609963755.09265	212697064029.66803	84627738183.62173	off	triple
12	0	0.15	0.07855555555555555	180609963755.09265	174955617195.6699	63870312640.957504	off	triple
13	0	0.15	0.11733333333333332	180609963755.09265	158694262792.81778	54960364363.02448	off	triple
14	0	0.15	0.1561111111111111	180609963755.09265	149645399723.3073	49939227676.98712	off	triple
15	0	0.15	0.19488888888888886	180609963755.09265	143788977445.43045	46786916305.24831	off	triple
16	0	0.15	0.23366666666666663	180609963755.09265	139725819070.263	44701247033.389275	off	triple
17	0	0.15	0.2724444444444444	180609963755.09265	136769374116.43892	43096865194.05381	off	triple
18	0	0.15	0.3112222222222222	180609963755.09265	134472177136.5443	41946975915.11084	off	triple
19	0	0.15	0.35	180609963755.09265	132643573144.64078	41030874429.73676	off	triple
20	0	0.5	0.001	180609963755.09265	391417662961.7014	190932651001.5875	off	triple
21	0	0.5	0.03977777777777777	180609963755.09265	214087585494.81174	85368924842.96396	off	triple
22	0	0.5	0.07855555555555555	180609963755.09265	176323870464.80682	64650340423.7742	off	triple
23	0	0.5	0.11733333333333332	180609963755.09265	160078313334.35336	55766009186.02726	off	triple
24	0	0.5	0.1561111111111111	180609963755.09265	151021178912.2182	50723819617.86889	off	triple
25	0	0.5	0.19488888888888886	180609963755.09265	145216227240.81836	47556077282.7259	off	triple
26	0	0.5	0.23366666666666663	180609963755.09265	141112882624.17383	45470504057.38417	off	triple
27	0	0.5	0.2724444444444444	180609963755.09265	138138259869.6298	43858037742.136604	off	triple
28	0	0.5	0.3112222222222222	180609963755.09265	135890800458.28676	42676347865.14059	off	triple
29	0	0.5	0.35	180609963755.09265	134066498664.32616	41764015474.98573	off	triple
30	90	0.05	0.001	180609963755.09265	390234402722.9575	190496975101.5436	off	triple
31	90	0.05	0.03977777777777777	180609963755.09265	213078883876.8444	85194688766.16022	off	triple
32	90	0.05	0.07855555555555555	180609963755.09265	175391862264.87256	64402389208.40994	off	triple
33	90	0.05	0.11733333333333332	180609963755.09265	159163134867.98645	55484539530.245026	off	triple
34	90	0.05	0.1561111111111111	180609963755.09265	150099072543.35995	50483182524.23299	off	triple
35	90	0.05	0.19488888888888886	180609963755.09265	144281485492.45938	47359805517.48805	off	triple
36	90	0.05	0.23366666666666663	180609963755.09265	140231922667.64285	45286310201.98078	off	triple
37	90	0.05	0.2724444444444444	180609963755.09265	137287547891.39258	43670990788.0851	off	triple
38	90	0.05	0.3112222222222222	180609963755.09265	134985911617.44736	42515696304.45041	off	triple
39	90	0.05	0.35	180609963755.09265	133188398402.58571	41604585714.99225	off	triple
40	90	0.15	0.001	180609963755.09265	390687434716.54474	190668926723.82788	off	triple
41	90	0.15	0.03977777777777777	180609963755.09265	213509233715.22836	85372755451.04584	off	triple
42	90	0.15	0.07855555555555555	180609963755.09265	175813064770.6017	64596117280.29187	off	triple
43	90	0.15	0.11733333333333332	180609963755.09265	159587437689.1499	55665941896.70778	off	triple
44	90	0.15	0.1561111111111111	180609963755.09265	150516802559.97406	50676810899.84047	off	triple
45	90	0.15	0.19488888888888886	180609963755.09265	144698024071.74277	47546377441.19708	off	triple
46	90	0.15	0.23366666666666663	180609963755.09265	140652741670.26865	45476430981.35986	off	triple
47	90	0.15	0.2724444444444444	180609963755.09265	137701139407.17413	43853941438.05077	off	triple
48	90	0.15	0.3112222222222222	180609963755.09265	135402875764.04716	42695659996.06922	off	triple
49	90	0.15	0.35	180609963755.09265	133609866248.44937	41780560076.0063	off	triple
50	90	0.5	0.001	180609963755.09265	392128586800.72046	191288567188.15515	off	triple
51	90	0.5	0.03977777777777777	180609963755.09265	214906875326.8506	86048616239.87563	off	triple
52	90	0.5	0.07855555555555555	180609963755.09265	177187776246.77158	65310561534.41666	off	triple
53	90	0.5	0.11733333333333332	180609963755.09265	160958018879.78577	56401272483.27586	off	triple
54	90	0.5	0.1561111111111111	180609963755.09265	151890449847.93185	51402794213.73411	off	triple
55	90	0.5	0.19488888888888886	180609963755.09265	146125539229.30215	48259901764.67384	off	triple
56	90	0.5	0.23366666666666663	180609963755.09265	142025086255.88486	46168802918.21238	off	triple
57	90	0.5	0.2724444444444444	180609963755.09265	139079183253.9235	44602823132.93032	off	triple
58	90	0.5	0.3112222222222222	180609963755.09265	136794349055.58374	43345883433.191895	off	triple
59	90	0.5	0.35	180609963755.09265	134987124183.33545	42439760088.84675	off	triple
60	180	0.05	0.001	180609963755.09265	389774580149.0975	190095879009.17352	off	triple
61	180	0.05	0.03977777777777777	180609963755.09265	212641470129.9347	84760177494.28784	off	triple
62	180	0.05	0.07855555555555555	180609963755.09265	174987406277.68246	63914705040.55184	off	triple
63	180	0.05	0.11733333333333332	180609963755.09265	158788091927.75446	54933427269.47976	off	triple
64	180	0.05	0.1561111111111111	180609963755.09265	149755621398.58484	49972129124.591866	off	triple
65	180	0.05	0.19488888888888886	180609963755.09265	143927331907.64246	46840153009.75357	off	triple
66	180	0.05	0.23366666666666663	180609963755.09265	139884860222.68533	44724006967.93921	off	triple
67	180	0.05	0.2724444444444444	180609963755.09265	136930107827.73834	43202557504.690926	off	triple
68	180	0.05	0.3112222222222222	180609963755.09265	134643779668.53096	42011968260.1179	off	triple
69	180	0.05	0.35	180609963755.09265	132877388743.15492	41096482284.134514	off	triple
70	180	0.15	0.001	180609963755.09265	390242884998.27344	190296680204.33276	off	triple
71	180	0.15	0.03977777777777777	180609963755.09265	213065529138.94824	84924183399.26042	off	triple
72	180	0.15	0.07855555555555555	180609963755.09265	175425409995.10156	64098575368.25953	off	triple
73	180	0.15	0.11733333333333332	180609963755.09265	159222986209.1767	55121704825.57871	off	triple
74	180	0.15	0.1561111111111111	180609963755.09265	150188522889.7314	50166264263.883415	off	triple
75	180	0.15	0.19488888888888886	180609963755.09265	144358991713.73645	47032251254.03393	off	triple
76	180	0.15	0.23366666666666663	180609963755.09265	140321922738.64117	44929931930.50549	off	triple
77	180	0.15	0.2724444444444444	180609963755.09265	137364319695.01157	43388774711.70146	off	triple
78	180	0.15	0.3112222222222222	180609963755.09265	135078520253.178	42200236690.9634	off	triple
79	180	0.15	0.35	180609963755.09265	133292664579.57095	41276251037.25968	off	triple
80	180	0.5	0.001	180609963755.09265	391733076395.88293	190915364145.1328	off	triple
81	180	0.5	0.03977777777777777	180609963755.09265	214535280484.16916	85583156768.87527	off	triple
82	180	0.5	0.07855555555555555	180609963755.09265	176861921246.79968	64805128049.49407	off	triple
83	180	0.5	0.11733333333333332	180609963755.09265	160633106284.52454	55862442599.70696	off	triple
84	180	0.5	0.1561111111111111	180609963755.09265	151609388477.3507	50912621538.971	off	triple
85	180	0.5	0.19488888888888886	180609963755.09265	145824155295.92114	47759694757.08387	off	triple
86	180	0.5	0.23366666666666663	180609963755.09265	141733982393.7486	45642551540.6865	off	triple
87	180	0.5	0.2724444444444444	180609963755.09265	138756753986.66763	44051797485.94115	off	triple
88	180	0.5	0.3112222222222222	180609963755.09265	136507658540.62341	42879512303.59908	off	triple
89	180	0.5	0.35	180609963755.09265	134713719341.9431	41977309723.4808	off	triple
90	270	0.05	0.001	180609963755.09265	390162409887.74396	190530507521.49258	off	triple
91	270	0.05	0.03977777777777777	180609963755.09265	212938004308.65027	85098454886.78009	off	triple
92	270	0.05	0.07855555555555555	180609963755.09265	175208490056.64105	64359912054.17981	off	triple
93	270	0.05	0.11733333333333332	180609963755.09265	158960189793.02798	55419485084.99361	off	triple
94	270	0.05	0.1561111111111111	180609963755.09265	149923599975.80795	50420033457.06098	off	triple
95	270	0.05	0.19488888888888886	180609963755.09265	144072615319.45047	47272056958.48057	off	triple
96	270	0.05	0.23366666666666663	180609963755.09265	140021466223.9962	45182603575.22774	off	triple
97	270	0.05	0.2724444444444444	180609963755.09265	137055149607.88599	43589734008.05871	off	triple
98	270	0.05	0.3112222222222222	180609963755.09265	134755024892.80908	42429144701.62242	off	triple
99	270	0.05	0.35	180609963755.09265	132965913594.63782	41511379369.80047	off	triple
100	270	0.15	0.001	180609963755.09265	390615755176.3391	190704201803.1908	off	triple
101	270	0.15	0.03977777777777777	180609963755.09265	213369114752.27744	85286052465.66986	off	triple
102	270	0.15	0.07855555555555555	180609963755.09265	175629203795.13116	64544556882.81144	off	triple
103	270	0.15	0.11733333333333332	180609963755.09265	159372837807.96692	55621492498.46257	off	triple
104	270	0.15	0.1561111111111111	180609963755.09265	150340491319.1998	50612647252.27972	off	triple
105	270	0.15	0.19488888888888886	180609963755.09265	144494896468.1116	47455550029.49726	off	triple
106	270	0.15	0.23366666666666663	180609963755.09265	140434221876.014	45374278433.44824	off	triple
107	270	0.15	0.2724444444444444	180609963755.09265	137481278842.02112	43771983418.09513	off	triple
108	270	0.15	0.3112222222222222	180609963755.09265	135188142965.0589	42605993676.53003	off	triple
109	270	0.15	0.35	180609963755.09265	133389327420.28864	41692975880.719315	off	triple
110	270	0.5	0.001	180609963755.09265	392042522080.2071	191344871786.29526	off	triple
111	270	0.5	0.03977777777777777	180609963755.09265	214766904751.82098	85956519163.11572	off	triple
112	270	0.5	0.07855555555555555	180609963755.09265	177003287562.76196	65250722394.254074	off	triple
113	270	0.5	0.11733333333333332	180609963755.09265	160765223068.8731	56354601131.13853	off	triple
114	270	0.5	0.1561111111111111	180609963755.09265	151709746931.68494	51340754419.220726	off	triple
115	270	0.5	0.19488888888888886	180609963755.09265	145922665187.27966	48178730268.15441	off	triple
116	270	0.5	0.23366666666666663	180609963755.09265	141806884641.93024	46074324705.05907	off	triple
117	270	0.5	0.2724444444444444	180609963755.09265	138823568106.585	44507276335.809875	off	triple
118	270	0.5	0.3112222222222222	180609963755.09265	136571437743.95822	43277881927.55565	off	triple
119	270	0.5	0.35	180609963755.09265	134771696571.84279	42345827536.7622	off	triple
